{
  "accessors": [
    {
      "bufferView": 0,
      "componentType": 5126,
      "type": "VEC3",
      "count": 3002
    },
    {
      "bufferView": 0,
      "componentType": 5126,
      "type": "VEC3",
      "byteOffset": 16,
      "count": 3002,
      "min": [-1, -1, -1],
      "max": [1, 1, 1]
    },
    {
      "bufferView": 0,
      "componentType": 5126,
      "type": "VEC4",
      "byteOffset": 32,
      "count": 3002,
      "min": [-1, -1, -1, -1],
      "max": [1, 1, 1, 1]
    },
    {
      "bufferView": 0,
      "componentType": 5126,
      "type": "VEC2",
      "byteOffset": 48,
      "count": 3002
    },
    {
      "bufferView": 0,
      "componentType": 5121,
      "type": "VEC4",
      "byteOffset": 56,
      "count": 3002
    },
    {
      "bufferView": 1,
      "componentType": 5125,
      "type": "SCALAR",
      "count": 4854
    },
    {
      "bufferView": 2,
      "componentType": 5126,
      "type": "VEC3",
      "count": 1149
    },
    {
      "bufferView": 2,
      "componentType": 5126,
      "type": "VEC3",
      "byteOffset": 16,
      "count": 1149,
      "min": [-1, -1, -1],
      "max": [1, 1, 1]
    },
    {
      "bufferView": 2,
      "componentType": 5126,
      "type": "VEC4",
      "byteOffset": 32,
      "count": 1149,
      "min": [-1, -1, -1, -1],
      "max": [1, 1, 1, 1]
    },
    {
      "bufferView": 2,
      "componentType": 5126,
      "type": "VEC2",
      "byteOffset": 48,
      "count": 1149
    },
    {
      "bufferView": 2,
      "componentType": 5121,
      "type": "VEC4",
      "byteOffset": 56,
      "count": 1149
    },
    {
      "bufferView": 3,
      "componentType": 5125,
      "type": "SCALAR",
      "count": 1791
    }
  ],
  "asset": {
    "generator": "RTGL1",
    "version": "2.0"
  },
  "bufferViews": [
    {
      "buffer": 0,
      "byteLength": 192128,
      "byteStride": 64
    },
    {
      "buffer": 0,
      "byteLength": 19416,
      "byteOffset": 192128,
      "byteStride": 4
    },
    {
      "buffer": 0,
      "byteLength": 73536,
      "byteOffset": 211544,
      "byteStride": 64
    },
    {
      "buffer": 0,
      "byteLength": 7164,
      "byteOffset": 285080,
      "byteStride": 4
    }
  ],
  "buffers": [
    {
      "uri": "ba_xen1.bin",
      "byteLength": 292244
    }
  ],
  "images": [
    {
      "name": "#maps/c4a1a_swmpwl.mip",
      "uri": "mat_junction/#maps/c4a1a_swmpwl.mip.tga"
    },
    {
      "name": "#maps/xeno_7wa.mip",
      "uri": "mat_junction/#maps/xeno_7wa.mip.tga"
    }
  ],
  "meshes": [
    {
      "name": "maps/ba_xen1.bsp",
      "primitives": [
        {
          "indices": 5,
          "material": 0,
          "attributes": {
            "POSITION": 0,
            "NORMAL": 1,
            "TANGENT": 2,
            "TEXCOORD_0": 3,
            "COLOR": 4
          }
        },
        {
          "indices": 11,
          "material": 1,
          "attributes": {
            "POSITION": 6,
            "NORMAL": 7,
            "TANGENT": 8,
            "TEXCOORD_0": 9,
            "COLOR": 10
          }
        }
      ]
    }
  ],
  "materials": [
    {
      "pbrMetallicRoughness": {
        "baseColorTexture": {
          "index": 0
        },
        "metallicFactor": 0
      }
    },
    {
      "pbrMetallicRoughness": {
        "baseColorTexture": {
          "index": 1
        },
        "metallicFactor": 0
      }
    }
  ],
  "nodes": [
    {
      "mesh": 0,
      "name": "maps/ba_xen1.bsp",
      "matrix": [1, 0, 0, 0, 0, 1, 0, 0, 0, 0, 1, 0, 0, 0, 0, 1]
    },
    {
      "matrix": [1, -0, 0, 0, 0, 1, 0, 0, -0, -0, 1, 0, -592.916687, -2635.16675, 259, 1],
      "extensions": {
        "KHR_lights_punctual": {
          "light": 0
        }
      }
    },
    {
      "matrix": [1, -0, 0, 0, 0, 1, 0, 0, -0, -0, 1, 0, -580.541687, -2635.5835, 259, 1],
      "extensions": {
        "KHR_lights_punctual": {
          "light": 1
        }
      }
    },
    {
      "matrix": [1, -0, 0, 0, 0, 1, 0, 0, -0, -0, 1, 0, -569.5, -2644.16675, 259, 1],
      "extensions": {
        "KHR_lights_punctual": {
          "light": 2
        }
      }
    },
    {
      "matrix": [0.230415091, 0, -0.75971812, 0, 0.461954474, 0.630262733, 0.140106276, 0, 0.75971812, -0.60806036, 0.230415091, 0, -600.673035, -2628.97461, 273.6492, 1],
      "extensions": {
        "KHR_lights_punctual": {
          "light": 3
        }
      }
    },
    {
      "matrix": [-0.195988134, 0, 0.980605364, 0, 0.00131919549, 0.999998212, 0.000263660244, 0, -0.980605364, 0.00134528684, -0.195988134, 0, -557.296814, -2643.09033, 289.8815, 1],
      "extensions": {
        "KHR_lights_punctual": {
          "light": 4
        }
      }
    },
    {
      "matrix": [-0.232257023, 0, 0.77824533, 0, 0.454051912, 0.659609139, 0.135505781, 0, -0.77824533, 0.58343029, -0.232257023, 0, -588.963684, -2638.23071, 275.334045, 1],
      "extensions": {
        "KHR_lights_punctual": {
          "light": 5
        }
      }
    },
    {
      "matrix": [0.161723837, -0, 0.882450461, 0, 0.389806062, 0.804873407, -0.0714384988, 0, -0.882450461, 0.441731393, 0.161723837, 0, -559.866943, -2646.65015, 273.50647, 1],
      "extensions": {
        "KHR_lights_punctual": {
          "light": 6
        }
      }
    },
    {
      "matrix": [-0.1109422, 0, 0.577436686, 0, 0.467067003, 0.345741302, 0.0897370055, 0, -0.577436686, 0.808862686, -0.1109422, 0, -570.986938, -2640.38794, 288.888763, 1],
      "extensions": {
        "KHR_lights_punctual": {
          "light": 7
        }
      }
    },
    {
      "matrix": [-0.581290662, 0, -0.813696027, 0, 1.74678717e-05, 1, -1.24787521e-05, 0, 0.813696027, -2.14673182e-05, -0.581290662, 0, -568.475586, -2642.36841, 290.815155, 1],
      "extensions": {
        "KHR_lights_punctual": {
          "light": 8
        }
      }
    },
    {
      "matrix": [-0, 0.0993096456, 0.995056272, 0, 0.999999404, 0.000782576681, -7.81035342e-05, 0, -0.00078646472, 0.995056272, -0.0993096456, 0, -565.847656, -2650.63013, 276.895599, 1],
      "extensions": {
        "KHR_lights_punctual": {
          "light": 9
        }
      }
    },
    {
      "matrix": [-0.496214867, 0, 0.000206640412, 0, -0.000179405164, 0.246229231, -0.43081364, 0, -0.000206640412, -0.868199766, -0.496214867, 0, -563.150879, -2635.85522, 290.311523, 1],
      "extensions": {
        "KHR_lights_punctual": {
          "light": 10
        }
      }
    },
    {
      "matrix": [0.237740248, -0, 0.758237004, 0, -0.460316867, 0.631443739, 0.144329339, 0, -0.758237004, -0.607088387, 0.237740248, 0, -561.337036, -2637.98242, 273.219879, 1],
      "extensions": {
        "KHR_lights_punctual": {
          "light": 11
        }
      }
    },
    {
      "matrix": [-0.239384413, 0, -0.776638329, 0, -0.452539653, 0.660472035, 0.139486983, 0, 0.776638329, 0.582690358, -0.239384413, 0, -572.8349, -2647.14429, 275.837555, 1],
      "extensions": {
        "KHR_lights_punctual": {
          "light": 12
        }
      }
    },
    {
      "matrix": [-0.0937762186, 0, -0.704332113, 0, 0.495602816, 0.504877687, -0.0659855753, 0, 0.704332113, -0.703649342, -0.0937762186, 0, -570.774841, -2636.927, 276.781769, 1],
      "extensions": {
        "KHR_lights_punctual": {
          "light": 13
        }
      }
    },
    {
      "matrix": [-0.5538041, 0, 0.832646787, 0, -0.000489086204, 0.999999642, -0.000325297529, 0, -0.832646787, -0.00058738736, -0.5538041, 0, -566.916138, -2629.94263, 309.581879, 1],
      "extensions": {
        "KHR_lights_punctual": {
          "light": 14
        }
      }
    },
    {
      "matrix": [0.12046314, 0, -0.526806295, 0, 0.443257898, 0.292036235, 0.101358391, 0, 0.526806295, -0.841405869, 0.12046314, 0, -582.698975, -2624.53101, 281.620636, 1],
      "extensions": {
        "KHR_lights_punctual": {
          "light": 15
        }
      }
    },
    {
      "matrix": [-0.599737823, 0, -0.800196588, 0, -0.000158059527, 1, 0.000118463737, 0, 0.800196588, 0.000197525878, -0.599737823, 0, -584.842529, -2629.75171, 305.210602, 1],
      "extensions": {
        "KHR_lights_punctual": {
          "light": 16
        }
      }
    },
    {
      "matrix": [0.193903565, -0, 0.570443094, 0, -0.455282271, 0.36300391, 0.154758394, 0, -0.570443094, -0.798120379, 0.193903565, 0, -571.099915, -2625.16455, 278.45108, 1],
      "extensions": {
        "KHR_lights_punctual": {
          "light": 17
        }
      }
    },
    {
      "matrix": [-0.640146732, 0, 0.000332387193, 0, 0.000255357329, 0.409787953, 0.491794407, 0, -0.000332387193, 0.768252611, -0.640146732, 0, -574.827026, -2636.15454, 310.66391, 1],
      "extensions": {
        "KHR_lights_punctual": {
          "light": 18
        }
      }
    },
    {
      "matrix": [0.059575472, -0, 0.998223841, 0, 9.57103257e-05, 1.00000012, -5.71213377e-06, 0, -0.998223841, 9.58806268e-05, 0.059575472, 0, -565.57373, -2632.09326, 286.686676, 1],
      "extensions": {
        "KHR_lights_punctual": {
          "light": 19
        }
      }
    },
    {
      "matrix": [-0.254820347, 0, 0.000620886858, 0, -0.000600390311, 0.0649337992, -0.246408284, 0, -0.000620886858, -0.966988266, -0.254820347, 0, -574.124207, -2622.36133, 303.491821, 1],
      "extensions": {
        "KHR_lights_punctual": {
          "light": 20
        }
      }
    },
    {
      "matrix": [-0.0599561036, 0, -0.998201013, 0, 0, 1, 0, 0, 0.998201013, -0, -0.0599561036, 0, -588.882812, -2633.67529, 281.719818, 1],
      "extensions": {
        "KHR_lights_punctual": {
          "light": 21
        }
      }
    },
    {
      "matrix": [-0.184582159, 0, -0.439301431, 0, -0.386221558, 0.227056324, 0.162279487, 0, 0.439301431, 0.879172087, -0.184582159, 0, -582.439697, -2641.86328, 284.271667, 1],
      "extensions": {
        "KHR_lights_punctual": {
          "light": 22
        }
      }
    },
    {
      "matrix": [-0.581018865, 0, 0.813889802, 0, 0.000538146065, 0.999999523, 0.000384171173, 0, -0.813889802, 0.00066120259, -0.581018865, 0, -593.446106, -2633.28955, 291.704926, 1],
      "extensions": {
        "KHR_lights_punctual": {
          "light": 23
        }
      }
    },
    {
      "matrix": [-0, 0.0959258005, 0.995386422, 0, 0.999995887, -0.00201188959, 0.000193886633, 0, 0.00202121469, 0.995386422, -0.0959258005, 0, -597.171387, -2641.33984, 280.342865, 1],
      "extensions": {
        "KHR_lights_punctual": {
          "light": 24
        }
      }
    },
    {
      "matrix": [-0.19632484, 0, -0.980538964, 0, 1.01184469e-05, 1.00000012, -2.02592923e-06, 0, 0.980538964, -1.03192706e-05, -0.19632484, 0, -604.803894, -2633.39404, 290.378632, 1],
      "extensions": {
        "KHR_lights_punctual": {
          "light": 25
        }
      }
    },
    {
      "matrix": [-0.0908881277, 0, 0.704276681, 0, -0.495869666, 0.504266322, -0.063992843, 0, -0.704276681, -0.704083622, -0.0908881277, 0, -590.28125, -2628.57373, 274.900238, 1],
      "extensions": {
        "KHR_lights_punctual": {
          "light": 26
        }
      }
    },
    {
      "matrix": [-0.49630326, 0, 0.00161596388, 0, -0.00140289532, 0.246319532, -0.430864543, 0, -0.00161596388, -0.868147731, -0.49630326, 0, -598.751892, -2626.73242, 291.091858, 1],
      "extensions": {
        "KHR_lights_punctual": {
          "light": 27
        }
      }
    },
    {
      "matrix": [0.156686068, 0, -0.883278728, 0, -0.390313566, 0.804731786, -0.0692382753, 0, 0.883278728, 0.44189173, 0.156686068, 0, -602.326477, -2637.56934, 274.741608, 1],
      "extensions": {
        "KHR_lights_punctual": {
          "light": 28
        }
      }
    },
    {
      "matrix": [1, -0, 0, 0, 0, 1, 0, 0, -0, -0, 1, 0, 524.833374, -1715.33337, 92, 1],
      "extensions": {
        "KHR_lights_punctual": {
          "light": 29
        }
      }
    },
    {
      "matrix": [1, -0, 0, 0, 0, 1, 0, 0, -0, -0, 1, 0, 528.903381, -1726.50513, 92, 1],
      "extensions": {
        "KHR_lights_punctual": {
          "light": 30
        }
      }
    },
    {
      "matrix": [1, -0, 0, 0, 0, 1, 0, 0, -0, -0, 1, 0, 536.75, -1740.75, 92, 1],
      "extensions": {
        "KHR_lights_punctual": {
          "light": 31
        }
      }
    },
    {
      "matrix": [0.0685229078, -0, 0.163203001, 0, -0.160626024, 0.0313306078, 0.0674409345, 0, -0.163203001, -0.984210014, 0.0685229078, 0, 524.229553, -1706.41479, 108.824249, 1],
      "extensions": {
        "KHR_lights_punctual": {
          "light": 32
        }
      }
    },
    {
      "matrix": [0.124221176, -0, 0.992254496, 0, 0.000417814474, 0.99999994, -5.23065428e-05, 0, -0.992254496, 0.000421075907, 0.124221176, 0, 546.085693, -1740.94678, 104.428116, 1],
      "extensions": {
        "KHR_lights_punctual": {
          "light": 33
        }
      }
    },
    {
      "matrix": [0.122776352, 0, -0.921331286, 0, 0.33986342, 0.863925338, 0.0452901088, 0, 0.921331286, -0.368882984, 0.122776352, 0, 516.433044, -1711.11951, 104.847229, 1],
      "extensions": {
        "KHR_lights_punctual": {
          "light": 34
        }
      }
    },
    {
      "matrix": [0.0848342925, -0, 0.369701058, 0, 0.342073262, 0.143875733, -0.0784946159, 0, -0.369701058, 0.925269902, 0.0848342925, 0, 541.556335, -1748.28857, 108.926498, 1],
      "extensions": {
        "KHR_lights_punctual": {
          "light": 35
        }
      }
    },
    {
      "matrix": [-0.317563653, 0, -0.948228002, 0, -0.00391829107, 0.999983013, 0.00131224433, 0, 0.948228002, 0.00413222471, -0.317563653, 0, 516.449646, -1711.67896, 117.951088, 1],
      "extensions": {
        "KHR_lights_punctual": {
          "light": 36
        }
      }
    },
    {
      "matrix": [-0.567109883, 0, -0.412408531, 0, -0.294028938, 0.491694391, 0.404324144, 0, 0.412408531, 0.712955534, -0.567109883, 0, 529.347046, -1738.98022, 140.63678, 1],
      "extensions": {
        "KHR_lights_punctual": {
          "light": 37
        }
      }
    },
    {
      "matrix": [0.175043851, -0, 0.387756765, 0, 0.350915432, 0.180995658, -0.158412695, 0, -0.387756765, 0.904988587, 0.175043851, 0, 534.167725, -1739.96326, 111.734825, 1],
      "extensions": {
        "KHR_lights_punctual": {
          "light": 38
        }
      }
    },
    {
      "matrix": [-0.366687149, 0, 0.805457532, 0, -0.375017047, 0.783221245, -0.17072773, 0, -0.805457532, -0.465595067, -0.366687149, 0, 544.856812, -1739.81091, 118.125916, 1],
      "extensions": {
        "KHR_lights_punctual": {
          "light": 39
        }
      }
    },
    {
      "matrix": [-0.122700989, 0, -0.982571661, 0, 0.137199521, 0.980502605, -0.0171331186, 0, 0.982571661, -0.139633089, -0.122700989, 0, 530.848877, -1738.92395, 106.708313, 1],
      "extensions": {
        "KHR_lights_punctual": {
          "light": 40
        }
      }
    },
    {
      "matrix": [-0.703766048, 0, -0.61488229, 0, -0.218809292, 0.873366833, 0.250439078, 0, 0.61488229, 0.355855584, -0.703766048, 0, 535.756287, -1743.71252, 120.850067, 1],
      "extensions": {
        "KHR_lights_punctual": {
          "light": 41
        }
      }
    },
    {
      "matrix": [-0.0343937911, 0, 0.274786025, 0, -0.264039189, 0.0766902938, -0.0330486521, 0, -0.274786025, -0.960890114, -0.0343937911, 0, 539.551636, -1733.78894, 106.220078, 1],
      "extensions": {
        "KHR_lights_punctual": {
          "light": 42
        }
      }
    },
    {
      "matrix": [-0.673212886, 0, -0.368590772, 0, 0.236279413, 0.589074731, -0.431552708, 0, 0.368590772, -0.641034544, -0.673212886, 0, 536.100647, -1736.02429, 120.929512, 1],
      "extensions": {
        "KHR_lights_punctual": {
          "light": 43
        }
      }
    },
    {
      "matrix": [-0.080703035, 0, -0.553779006, 0, -0.458940804, 0.313184172, 0.0668821186, 0, 0.553779006, 0.828743577, -0.080703035, 0, 533.984985, -1747.42664, 106.847824, 1],
      "extensions": {
        "KHR_lights_punctual": {
          "light": 44
        }
      }
    },
    {
      "matrix": [0.0954840109, -0, 0.988438368, 0, -0.116419509, 0.986127615, 0.0112462267, 0, -0.988438368, -0.117781252, 0.0954840109, 0, 540.242432, -1728.68921, 113.822334, 1],
      "extensions": {
        "KHR_lights_punctual": {
          "light": 45
        }
      }
    },
    {
      "matrix": [-0.680894852, 0, -0.634128571, 0, 0.23235701, 0.865736842, -0.249493092, 0, 0.634128571, -0.366419405, -0.680894852, 0, 528.238525, -1729.49426, 143.520264, 1],
      "extensions": {
        "KHR_lights_punctual": {
          "light": 46
        }
      }
    },
    {
      "matrix": [-0.00560838589, 0, -0.554446995, 0, -0.46141088, 0.307442904, 0.0046672998, 0, 0.554446995, 0.83220017, -0.00560838589, 0, 524.993896, -1740.00806, 114.750763, 1],
      "extensions": {
        "KHR_lights_punctual": {
          "light": 47
        }
      }
    },
    {
      "matrix": [-0.265662879, 0, 0.834898531, 0, 0.402458936, 0.767632365, 0.128061548, 0, -0.834898531, 0.482045323, -0.265662879, 0, 538.927124, -1736.81006, 133.635162, 1],
      "extensions": {
        "KHR_lights_punctual": {
          "light": 48
        }
      }
    },
    {
      "matrix": [-0.203994915, 0, -0.587244928, 0, 0.459977955, 0.386470556, -0.15978539, 0, 0.587244928, -0.783281267, -0.203994915, 0, 525.588501, -1721.30017, 117.498482, 1],
      "extensions": {
        "KHR_lights_punctual": {
          "light": 49
        }
      }
    },
    {
      "matrix": [-0.183907613, 0, 0.847354829, 0, 0.422122061, 0.751832187, 0.0916162431, 0, -0.847354829, 0.498164475, -0.183907613, 0, 529.408081, -1719.16113, 106.766159, 1],
      "extensions": {
        "KHR_lights_punctual": {
          "light": 50
        }
      }
    },
    {
      "matrix": [-0.640436828, 0, 0.00173697842, 0, 0.00133401481, 0.41016233, 0.491861165, 0, -0.00173697842, 0.768008888, -0.640436828, 0, 523.030334, -1718.76196, 118.133415, 1],
      "extensions": {
        "KHR_lights_punctual": {
          "light": 51
        }
      }
    },
    {
      "matrix": [-0.0293551236, 0, -0.706755936, 0, -0.499569207, 0.500365674, 0.0207496174, 0, 0.706755936, 0.706848264, -0.0293551236, 0, 518.972168, -1720.27832, 104.507431, 1],
      "extensions": {
        "KHR_lights_punctual": {
          "light": 52
        }
      }
    },
    {
      "matrix": [-0.117799357, 0, 0.942036927, 0, -0.295940191, 0.901310265, -0.0370065756, 0, -0.942036927, -0.314149231, -0.117799357, 0, 530.983154, -1712.00171, 106.102867, 1],
      "extensions": {
        "KHR_lights_punctual": {
          "light": 53
        }
      }
    },
    {
      "matrix": [0.00011861336, -0, 0.514949858, 0, -0.441425472, 0.265173346, 0.000101677775, 0, -0.514949858, -0.857220292, 0.00011861336, 0, 536.119873, -1719.20789, 113.514534, 1],
      "extensions": {
        "KHR_lights_punctual": {
          "light": 54
        }
      }
    },
    {
      "matrix": [-0.1920432, 0, -0.975480258, 0, -0.104870759, 0.988442361, 0.02064595, 0, 0.975480258, 0.107506797, -0.1920432, 0, 521.718933, -1731.23499, 122.059006, 1],
      "extensions": {
        "KHR_lights_punctual": {
          "light": 55
        }
      }
    },
    {
      "matrix": [1, -0, 0, 0, 0, 1, 0, 0, -0, -0, 1, 0, 444.75, -1850.75, 92, 1],
      "extensions": {
        "KHR_lights_punctual": {
          "light": 56
        }
      }
    },
    {
      "matrix": [1, -0, 0, 0, 0, 1, 0, 0, -0, -0, 1, 0, 429.833344, -1838.5, 92, 1],
      "extensions": {
        "KHR_lights_punctual": {
          "light": 57
        }
      }
    },
    {
      "matrix": [1, -0, 0, 0, 0, 1, 0, 0, -0, -0, 1, 0, 439.416687, -1838.91675, 92, 1],
      "extensions": {
        "KHR_lights_punctual": {
          "light": 58
        }
      }
    },
    {
      "matrix": [0.0848342925, -0, 0.369701058, 0, 0.342073262, 0.143875733, -0.0784946159, 0, -0.369701058, 0.925269902, 0.0848342925, 0, 449.556305, -1858.28857, 108.926498, 1],
      "extensions": {
        "KHR_lights_punctual": {
          "light": 59
        }
      }
    },
    {
      "matrix": [-0.576925099, 0, -0.707067728, 0, 0.289131641, 0.832787335, -0.235914171, 0, 0.707067728, -0.408916473, -0.576925099, 0, 438.604218, -1825.89368, 138.976028, 1],
      "extensions": {
        "KHR_lights_punctual": {
          "light": 60
        }
      }
    },
    {
      "matrix": [-0.313369125, 0, 0.940064311, 0, -0.126399145, 0.981921136, -0.0421349779, 0, -0.940064311, -0.134457976, -0.313369125, 0, 434.44696, -1837.54053, 105.940979, 1],
      "extensions": {
        "KHR_lights_punctual": {
          "light": 61
        }
      }
    },
    {
      "matrix": [-0.574679196, 0, 0.708706975, 0, 0.290031999, 0.832521737, 0.23518233, 0, -0.708706975, 0.40924108, -0.574679196, 0, 453.823181, -1836.10376, 136.920395, 1],
      "extensions": {
        "KHR_lights_punctual": {
          "light": 62
        }
      }
    },
    {
      "matrix": [-0.0807024017, 0, -0.553777337, 0, -0.458940029, 0.313182205, 0.0668816864, 0, 0.553777337, 0.828744709, -0.0807024017, 0, 441.984894, -1857.42664, 106.847816, 1],
      "extensions": {
        "KHR_lights_punctual": {
          "light": 63
        }
      }
    },
    {
      "matrix": [-0.668488383, 0, -0.37335676, 0, -0.240149423, 0.586272001, 0.429983109, 0, 0.37335676, 0.643217027, -0.668488383, 0, 442.754913, -1836.95459, 140.553955, 1],
      "extensions": {
        "KHR_lights_punctual": {
          "light": 64
        }
      }
    },
    {
      "matrix": [0.19637078, -0, 0.857408524, 0, -0.407868087, 0.773710847, 0.0934133157, 0, -0.857408524, -0.47569865, 0.19637078, 0, 453.088806, -1831.42065, 112.33535, 1],
      "extensions": {
        "KHR_lights_punctual": {
          "light": 65
        }
      }
    },
    {
      "matrix": [-0.24078159, 0, 0.485923052, 0, -0.408263028, 0.294096977, -0.202299967, 0, -0.485923052, -0.840180397, -0.24078159, 0, 449.503723, -1824.11768, 136.384781, 1],
      "extensions": {
        "KHR_lights_punctual": {
          "light": 66
        }
      }
    },
    {
      "matrix": [0.187487841, 0, -0.121237949, 0, 0.118177444, 0.0498503298, 0.182754949, 0, 0.121237949, -0.974756241, 0.187487841, 0, 442.881744, -1824.43103, 115.345886, 1],
      "extensions": {
        "KHR_lights_punctual": {
          "light": 67
        }
      }
    },
    {
      "matrix": [-0.196175247, 0, -0.108827554, 0, -0.106053658, 0.0503281616, 0.191174954, 0, 0.108827554, 0.974511087, -0.196175247, 0, 444.344696, -1845.27222, 118.528038, 1],
      "extensions": {
        "KHR_lights_punctual": {
          "light": 68
        }
      }
    },
    {
      "matrix": [-0.122701086, 0, -0.982570708, 0, 0.137206167, 0.980500758, -0.0171339791, 0, 0.982570708, -0.139639989, -0.122701086, 0, 438.848877, -1848.92383, 106.708313, 1],
      "extensions": {
        "KHR_lights_punctual": {
          "light": 69
        }
      }
    },
    {
      "matrix": [-0.366683483, 0, 0.805456936, 0, -0.375019908, 0.783217669, -0.170727447, 0, -0.805456936, -0.465598941, -0.366683483, 0, 452.856842, -1849.81091, 118.1259, 1],
      "extensions": {
        "KHR_lights_punctual": {
          "light": 70
        }
      }
    },
    {
      "matrix": [-0.0343939289, 0, 0.274787664, 0, -0.264040619, 0.0766912028, -0.0330487713, 0, -0.274787664, -0.960889637, -0.0343939289, 0, 447.551666, -1843.78894, 106.220078, 1],
      "extensions": {
        "KHR_lights_punctual": {
          "light": 71
        }
      }
    },
    {
      "matrix": [-0.703767896, 0, -0.614880621, 0, -0.218808174, 0.873367429, 0.250439137, 0, 0.614880621, 0.35585472, -0.703767896, 0, 443.756287, -1853.71252, 120.850075, 1],
      "extensions": {
        "KHR_lights_punctual": {
          "light": 72
        }
      }
    },
    {
      "matrix": [0.124219857, -0, 0.992254674, 0, 0.00041332579, 0.999999881, -5.17440458e-05, 0, -0.992254674, 0.000416552124, 0.124219857, 0, 454.085693, -1850.94678, 104.428123, 1],
      "extensions": {
        "KHR_lights_punctual": {
          "light": 73
        }
      }
    },
    {
      "matrix": [-0.673212051, 0, -0.368594676, 0, 0.23628144, 0.589076519, -0.431551307, 0, 0.368594676, -0.641033232, -0.673212051, 0, 444.100647, -1846.02429, 120.929512, 1],
      "extensions": {
        "KHR_lights_punctual": {
          "light": 74
        }
      }
    },
    {
      "matrix": [-0.192144081, 0, -0.877608955, 0, -0.385432422, 0.807116807, 0.0843867362, 0, 0.877608955, 0.439184695, -0.192144081, 0, 435.239563, -1838.23425, 119.676079, 1],
      "extensions": {
        "KHR_lights_punctual": {
          "light": 75
        }
      }
    },
    {
      "matrix": [6.64008548e-05, -0, 0.857704282, 0, 0.440982997, 0.735656619, -3.41395607e-05, 0, -0.857704282, 0.514143407, 6.64008548e-05, 0, 453.980835, -1842.13831, 113.523071, 1],
      "extensions": {
        "KHR_lights_punctual": {
          "light": 76
        }
      }
    },
    {
      "matrix": [-0.00921912491, 0, -0.894396126, 0, 0.399956733, 0.800029457, -0.00412261533, 0, 0.894396126, -0.447180748, -0.00921912491, 0, 434.395782, -1829.66638, 115.530212, 1],
      "extensions": {
        "KHR_lights_punctual": {
          "light": 77
        }
      }
    },
    {
      "matrix": [-0.186632961, 0, -0.849871039, 0, 0.418847054, 0.757112682, -0.091979444, 0, 0.849871039, -0.492835999, -0.186632961, 0, 417.775543, -1837.16455, 116.065697, 1],
      "extensions": {
        "KHR_lights_punctual": {
          "light": 78
        }
      }
    },
    {
      "matrix": [0.183037803, 0, -0.43906793, 0, -0.386209249, 0.226283476, -0.161002174, 0, 0.43906793, 0.879611611, 0.183037803, 0, 422.604553, -1845.97009, 106.172012, 1],
      "extensions": {
        "KHR_lights_punctual": {
          "light": 79
        }
      }
    },
    {
      "matrix": [-0.734266758, 0, 0.587774634, 0, 0.199647412, 0.884626687, 0.249405891, 0, -0.587774634, 0.339666605, -0.734266758, 0, 426.116119, -1843.50781, 120.288734, 1],
      "extensions": {
        "KHR_lights_punctual": {
          "light": 80
        }
      }
    },
    {
      "matrix": [0.0516601466, 0, -0.274860531, 0, 0.263892293, 0.0782170817, 0.049598664, 0, 0.274860531, -0.960095286, 0.0516601466, 0, 425.563019, -1831.43726, 105.767525, 1],
      "extensions": {
        "KHR_lights_punctual": {
          "light": 81
        }
      }
    },
    {
      "matrix": [-0.751420617, 0, 0.33048749, 0, -0.188738465, 0.673854947, -0.42912963, 0, -0.33048749, -0.571091115, -0.751420617, 0, 426.15863, -1835.60718, 118.407349, 1],
      "extensions": {
        "KHR_lights_punctual": {
          "light": 82
        }
      }
    },
    {
      "matrix": [0.31629023, 0, -0.94866246, 0, 0.000298307132, 1, 9.94575385e-05, 0, 0.94866246, -0.000314450241, 0.31629023, 0, 419.310364, -1838.86047, 103.416512, 1],
      "extensions": {
        "KHR_lights_punctual": {
          "light": 83
        }
      }
    },
    {
      "matrix": [-0.111386277, 0, 0.444725722, 0, 0.39523387, 0.210187867, 0.0989905223, 0, -0.444725722, 0.888713777, -0.111386277, 0, 430.43222, -1845.96484, 106.538879, 1],
      "extensions": {
        "KHR_lights_punctual": {
          "light": 84
        }
      }
    },
    {
      "matrix": [1, -0, 0, 0, 0, 1, 0, 0, -0, -0, 1, 0, 376.416687, -1705.5, 92, 1],
      "extensions": {
        "KHR_lights_punctual": {
          "light": 85
        }
      }
    },
    {
      "matrix": [1, -0, 0, 0, 0, 1, 0, 0, -0, -0, 1, 0, 382.54834, -1717.81506, 92, 1],
      "extensions": {
        "KHR_lights_punctual": {
          "light": 86
        }
      }
    },
    {
      "matrix": [1, -0, 0, 0, 0, 1, 0, 0, -0, -0, 1, 0, 374, -1728.5, 92, 1],
      "extensions": {
        "KHR_lights_punctual": {
          "light": 87
        }
      }
    },
    {
      "matrix": [0.0685140863, 0, -0.163237318, 0, 0.16065897, 0.0313406028, 0.0674319044, 0, 0.163237318, -0.984204948, 0.0685140863, 0, 376.929565, -1696.54749, 106.538452, 1],
      "extensions": {
        "KHR_lights_punctual": {
          "light": 88
        }
      }
    },
    {
      "matrix": [0.124219857, 0, -0.992254674, 0, -0.00041332579, 0.999999881, -5.17440458e-05, 0, 0.992254674, 0.000416552124, 0.124219857, 0, 364.914337, -1728.94678, 104.428123, 1],
      "extensions": {
        "KHR_lights_punctual": {
          "light": 89
        }
      }
    },
    {
      "matrix": [-0.0294201449, 0, 0.706426978, 0, 0.499567002, 0.499904633, 0.0208051708, 0, -0.706426978, 0.707174301, -0.0294201449, 0, 381.953217, -1710.26624, 106.625191, 1],
      "extensions": {
        "KHR_lights_punctual": {
          "light": 90
        }
      }
    },
    {
      "matrix": [0.084967114, 0, -0.37019217, 0, -0.34245044, 0.144261643, -0.0785997882, 0, 0.37019217, 0.925061285, 0.084967114, 0, 369.275879, -1736.021, 106.749306, 1],
      "extensions": {
        "KHR_lights_punctual": {
          "light": 91
        }
      }
    },
    {
      "matrix": [-0.191755146, 0, 0.975482583, 0, 0.105350934, 0.988336325, 0.0207093228, 0, -0.975482583, 0.107998788, -0.191755146, 0, 389.46109, -1721.36951, 120.502861, 1],
      "extensions": {
        "KHR_lights_punctual": {
          "light": 92
        }
      }
    },
    {
      "matrix": [-0.56711024, 0, 0.412409902, 0, 0.294029474, 0.49169594, 0.404323786, 0, -0.412409902, 0.712954462, -0.56711024, 0, 381.652985, -1727.98022, 140.636795, 1],
      "extensions": {
        "KHR_lights_punctual": {
          "light": 93
        }
      }
    },
    {
      "matrix": [0.175048903, 0, -0.38777703, 0, -0.350930035, 0.181013152, -0.158415571, 0, 0.38777703, 0.904978931, 0.175048903, 0, 377.030548, -1728.72156, 110.0448, 1],
      "extensions": {
        "KHR_lights_punctual": {
          "light": 94
        }
      }
    },
    {
      "matrix": [-0.366990298, 0, -0.805068135, 0, 0.37518543, 0.782816589, -0.171028271, 0, 0.805068135, -0.466029406, -0.366990298, 0, 366.623901, -1727.09595, 118.270462, 1],
      "extensions": {
        "KHR_lights_punctual": {
          "light": 95
        }
      }
    },
    {
      "matrix": [-0.122772716, 0, 0.982543886, 0, -0.137325749, 0.980465591, -0.0171593912, 0, -0.982543886, -0.139765516, -0.122772716, 0, 380.169373, -1727.19849, 106.883591, 1],
      "extensions": {
        "KHR_lights_punctual": {
          "light": 96
        }
      }
    },
    {
      "matrix": [-0.704582989, 0, 0.614741027, 0, 0.217913657, 0.874343753, 0.249760866, 0, -0.614741027, 0.354480416, -0.704582989, 0, 374.672302, -1732.44128, 120.979172, 1],
      "extensions": {
        "KHR_lights_punctual": {
          "light": 97
        }
      }
    },
    {
      "matrix": [-0.0342019238, 0, -0.275486976, 0, 0.264659286, 0.0770628452, -0.0328576602, 0, 0.275486976, -0.96069622, -0.0342019238, 0, 372.013031, -1721.70142, 108.264313, 1],
      "extensions": {
        "KHR_lights_punctual": {
          "light": 98
        }
      }
    },
    {
      "matrix": [-0.673212051, 0, 0.368594646, 0, -0.236281395, 0.589076459, -0.431551248, 0, -0.368594646, -0.641033173, -0.673212051, 0, 374.899353, -1724.02429, 120.929512, 1],
      "extensions": {
        "KHR_lights_punctual": {
          "light": 99
        }
      }
    },
    {
      "matrix": [-0.0807024017, 0, 0.553777337, 0, 0.458940029, 0.313182205, 0.0668816864, 0, -0.553777337, 0.828744709, -0.0807024017, 0, 377.015137, -1735.42664, 106.847816, 1],
      "extensions": {
        "KHR_lights_punctual": {
          "light": 100
        }
      }
    },
    {
      "matrix": [0.0953757614, 0, -0.988435268, 0, 0.116531394, 0.986100852, 0.0112443073, 0, 0.988435268, -0.117894813, 0.0953757614, 0, 371.011902, -1717.17517, 112.825272, 1],
      "extensions": {
        "KHR_lights_punctual": {
          "light": 101
        }
      }
    },
    {
      "matrix": [-0.680984437, 0, 0.634020269, 0, -0.23233065, 0.865721524, -0.249540225, 0, -0.634020269, -0.366440415, -0.680984437, 0, 382.926086, -1718.3291, 143.277283, 1],
      "extensions": {
        "KHR_lights_punctual": {
          "light": 102
        }
      }
    },
    {
      "matrix": [-0.00545997964, 0, 0.554707348, 0, 0.461531818, 0.307730049, 0.00454285368, 0, -0.554707348, 0.832027614, -0.00545997964, 0, 385.278015, -1729.47241, 117.799347, 1],
      "extensions": {
        "KHR_lights_punctual": {
          "light": 103
        }
      }
    },
    {
      "matrix": [-0.265580654, 0, -0.83494693, 0, -0.402450174, 0.767669499, 0.128011703, 0, 0.83494693, 0.482006878, -0.265580654, 0, 372.159424, -1725.32214, 134.793976, 1],
      "extensions": {
        "KHR_lights_punctual": {
          "light": 104
        }
      }
    },
    {
      "matrix": [0.000118621814, 0, -0.514949858, 0, 0.441425472, 0.265173346, 0.000101685029, 0, 0.514949858, -0.857220292, 0.000118621814, 0, 374.880188, -1708.20789, 113.514534, 1],
      "extensions": {
        "KHR_lights_punctual": {
          "light": 105
        }
      }
    },
    {
      "matrix": [-0.204210758, 0, 0.587190151, 0, -0.459926099, 0.386494309, -0.159951344, 0, -0.587190151, -0.783266008, -0.204210758, 0, 385.043762, -1710.7511, 120.291016, 1],
      "extensions": {
        "KHR_lights_punctual": {
          "light": 106
        }
      }
    },
    {
      "matrix": [-0.31786406, 0, 0.94812578, 0, 0.0042490121, 0.999980032, 0.00142450316, 0, -0.94812578, 0.00448148558, -0.31786406, 0, 384.6492, -1702.28967, 117.646454, 1],
      "extensions": {
        "KHR_lights_punctual": {
          "light": 107
        }
      }
    },
    {
      "matrix": [-0.0919824392, 0, -0.827795863, 0, -0.458133489, 0.693706751, 0.0509065576, 0, 0.827795863, 0.553437769, -0.0919824392, 0, 371.195496, -1709.56384, 104.822929, 1],
      "extensions": {
        "KHR_lights_punctual": {
          "light": 108
        }
      }
    },
    {
      "matrix": [-0.706757963, 0, -0.707444668, 0, 0.00276225992, 0.999984801, -0.00275957864, 0, 0.707444668, -0.00390455965, -0.706757963, 0, 374.093567, -1702.21265, 120.10453, 1],
      "extensions": {
        "KHR_lights_punctual": {
          "light": 109
        }
      }
    },
    {
      "matrix": [0.122775592, -0, 0.921333969, 0, -0.339858502, 0.863930106, 0.0452890359, 0, -0.921333969, -0.368876547, 0.122775592, 0, 384.566986, -1701.11963, 104.847229, 1],
      "extensions": {
        "KHR_lights_punctual": {
          "light": 110
        }
      }
    },
    {
      "matrix": [-0.640436769, 0, -0.00179492356, 0, -0.00137851713, 0.410162479, 0.491861105, 0, 0.00179492356, 0.768008828, -0.640436769, 0, 378.076172, -1708.82703, 118.055084, 1],
      "extensions": {
        "KHR_lights_punctual": {
          "light": 111
        }
      }
    },
    {
      "matrix": [-0.11781463, 0, -0.94203192, 0, 0.295947403, 0.901304424, -0.0370124727, 0, 0.94203192, -0.314158559, -0.11781463, 0, 370.181885, -1701.63013, 106.429596, 1],
      "extensions": {
        "KHR_lights_punctual": {
          "light": 112
        }
      }
    },
    {
      "matrix": [1, -0, 0, 0, 0, 1, 0, 0, -0, -0, 1, 0, -1006.91669, -2780.16675, 222, 1],
      "extensions": {
        "KHR_lights_punctual": {
          "light": 113
        }
      }
    },
    {
      "matrix": [1, -0, 0, 0, 0, 1, 0, 0, -0, -0, 1, 0, -1012.54169, -2796.5835, 222, 1],
      "extensions": {
        "KHR_lights_punctual": {
          "light": 114
        }
      }
    },
    {
      "matrix": [1, -0, 0, 0, 0, 1, 0, 0, -0, -0, 1, 0, -998.5, -2803.16675, 222, 1],
      "extensions": {
        "KHR_lights_punctual": {
          "light": 115
        }
      }
    },
    {
      "matrix": [-0, 0.0959258676, 0.995386422, 0, 0.999995887, -0.00201146072, 0.000193845437, 0, 0.00202078372, 0.995386422, -0.0959258676, 0, -1011.17139, -2786.33984, 243.342865, 1],
      "extensions": {
        "KHR_lights_punctual": {
          "light": 116
        }
      }
    },
    {
      "matrix": [-0.195988387, 0, 0.980605364, 0, 0.00131965161, 0.999998331, 0.000263751746, 0, -0.980605364, 0.00134575192, -0.195988387, 0, -986.296753, -2802.09033, 252.881454, 1],
      "extensions": {
        "KHR_lights_punctual": {
          "light": 117
        }
      }
    },
    {
      "matrix": [-0.1109422, 0, 0.577436686, 0, 0.467067003, 0.345741302, 0.0897370055, 0, -0.577436686, 0.808862686, -0.1109422, 0, -1002.98694, -2801.38794, 251.888779, 1],
      "extensions": {
        "KHR_lights_punctual": {
          "light": 118
        }
      }
    },
    {
      "matrix": [-0.581290662, 0, -0.813696027, 0, 1.83630982e-05, 1, -1.3118286e-05, 0, 0.813696027, -2.25675158e-05, -0.581290662, 0, -997.475586, -2801.36841, 253.81517, 1],
      "extensions": {
        "KHR_lights_punctual": {
          "light": 119
        }
      }
    },
    {
      "matrix": [-0, 0.0993096456, 0.995056272, 0, 0.999999404, 0.000782576681, -7.81035342e-05, 0, -0.00078646472, 0.995056272, -0.0993096456, 0, -994.847656, -2809.63013, 239.895569, 1],
      "extensions": {
        "KHR_lights_punctual": {
          "light": 120
        }
      }
    },
    {
      "matrix": [-0.496215463, 0, 0.000203354473, 0, -0.000176552232, 0.246229827, -0.430813968, 0, -0.000203354473, -0.868199408, -0.496215463, 0, -992.15094, -2794.85547, 253.311523, 1],
      "extensions": {
        "KHR_lights_punctual": {
          "light": 121
        }
      }
    },
    {
      "matrix": [0.237740189, -0, 0.758237243, 0, -0.460316837, 0.631444097, 0.14432925, 0, -0.758237243, -0.607088149, 0.237740189, 0, -990.337097, -2796.98242, 236.219879, 1],
      "extensions": {
        "KHR_lights_punctual": {
          "light": 122
        }
      }
    },
    {
      "matrix": [0.161723837, -0, 0.882450581, 0, 0.389805913, 0.804873586, -0.0714384541, 0, -0.882450581, 0.441731155, 0.161723837, 0, -988.866882, -2805.65015, 236.506454, 1],
      "extensions": {
        "KHR_lights_punctual": {
          "light": 123
        }
      }
    },
    {
      "matrix": [-0.0937762633, 0, -0.704332173, 0, 0.495602787, 0.504877806, -0.0659855977, 0, 0.704332173, -0.703649223, -0.0937762633, 0, -999.774841, -2795.927, 239.781769, 1],
      "extensions": {
        "KHR_lights_punctual": {
          "light": 124
        }
      }
    },
    {
      "matrix": [-0.239384413, 0, -0.776638329, 0, -0.452539653, 0.660472035, 0.139486983, 0, 0.776638329, 0.582690358, -0.239384413, 0, -1001.8349, -2806.14429, 238.83754, 1],
      "extensions": {
        "KHR_lights_punctual": {
          "light": 125
        }
      }
    },
    {
      "matrix": [-0.5538041, 0, 0.832646787, 0, -0.000489086204, 0.999999642, -0.000325297529, 0, -0.832646787, -0.00058738736, -0.5538041, 0, -998.916138, -2790.94263, 272.581879, 1],
      "extensions": {
        "KHR_lights_punctual": {
          "light": 126
        }
      }
    },
    {
      "matrix": [0.120463155, 0, -0.526806235, 0, 0.443257868, 0.292036176, 0.101358406, 0, 0.526806235, -0.841405869, 0.120463155, 0, -1014.69897, -2785.53101, 244.620651, 1],
      "extensions": {
        "KHR_lights_punctual": {
          "light": 127
        }
      }
    },
    {
      "matrix": [-0.599737823, 0, -0.800196588, 0, -0.000158059527, 1, 0.000118463737, 0, 0.800196588, 0.000197525878, -0.599737823, 0, -1016.84253, -2790.75171, 268.210602, 1],
      "extensions": {
        "KHR_lights_punctual": {
          "light": 128
        }
      }
    },
    {
      "matrix": [0.193903536, -0, 0.570442975, 0, -0.455282241, 0.363003761, 0.154758394, 0, -0.570442975, -0.798120499, 0.193903536, 0, -1003.09991, -2786.16455, 241.451065, 1],
      "extensions": {
        "KHR_lights_punctual": {
          "light": 129
        }
      }
    },
    {
      "matrix": [-0.640146732, 0, 0.000332387193, 0, 0.000255357329, 0.409787953, 0.491794407, 0, -0.000332387193, 0.768252611, -0.640146732, 0, -1006.82703, -2797.15479, 273.66391, 1],
      "extensions": {
        "KHR_lights_punctual": {
          "light": 130
        }
      }
    },
    {
